        SOM: 0.887562054059016
        PLS: 0.895720985013463
        MOL: 0.577836603937528